24
24
24
24
24
24
24
24
24
24
24
24
24
24
24
24
24
24
24
24
24
24
24
24
24
24
24
24
24
24
24
24
24
24
24
24
24
24
24
24
24
24
3F
24
3F
24
24
24
24
24
24
24
24
24
24
24
24
24
24
24
24
24
24
24
24
24
24
24
24
24
24
24
24
24
3F
24
3F
24
24
24
24
24
24
24
24
24
24
24
24
24
24
24
24
24
24
24
24
24
24
FF
00
00
00
00
00
00
3F
24
3F
D0
D1
D2
00
00
00
00
00
00
24
24
24
24
24
24
24
24
24
24
24
50
54
58
C2
C4
A3
A7
C9
24
3F
24
3F
24
24
24
24
24
24
24
25
16
2A
26
27
28
29
2A
15
2D
24
24
24
51
55
59
C3
C5
B9
BB
CA
CD
3F
24
3F
30
30
30
30
30
30
24
2B
00
2C
04
08
00
00
2C
01
2F
24
24
24
52
56
5A
24
C6
A5
6B
CB
CE
30
30
30
24
24
24
24
24
3F
24
24
24
24
24
24
24
24
24
24
24
24
24
24
53
57
5B
9E
C7
A6
C8
CC
CF
3F
24
3F
24
24
24
24
24
3F
24
24
24
24
24
24
24
24
24
24
24
24
24
24
24
30
30
30
30
30
30
30
30
30
30
30
30
30
30
3E
3E
45
3D
3D
3D
3C
3C
3C
3B
3B
3B
24
24
24
24
24
24
24
24
24
24
24
24
24
24
24
24
24
3F
24
24
37
37
37
36
36
36
35
35
35
49
34
34
24
24
24
24
24
24
24
24
24
24
24
24
24
24
24
24
24
24
24
24
24
24
24
24
24
24
24
24
24
3F
24
24
24
24
24
24
24
24
24
24
24
24
24
24
24
24
24
24
24
40
38
38
39
39
39
3A
3A
3A
3B
3B
3B
43
3C
3C
3D
3D
24
24
24
24
24
24
3D
3D
3D
3E
3E
3E
30
30
30
31
31
31
32
32
32
33
33
33
34
49
34
35
35
35
36
36
24
24
24
24
24
24
36
36
4B
37
37
37
24
3F
24
24
24
24
24
24
24
24
24
24
24
24
24
24
24
24
24
24
24
24
24
24
24
24
24
24
3F
24
24
24
24
3F
24
24
24
24
24
24
24
24
24
24
24
24
24
24
24
24
24
24
24
24
24
24
30
30
3E
3E
45
3D
3D
3D
3C
43
3C
3B
3B
3B
3A
3A
3A
39
39
39
38
40
38
24
24
24
24
24
24
24
24
24
24
24
37
37
37
36
36
36
4A
35
35
34
34
34
48
33
33
32
32
32
31
31
31
30
30
30
24
24
24
24
24
24
24
24
24
24
24
24
24
24
24
24
24
24
24
24
3F
24
24
24
24
24
24
24
24
3F
24
24
24
24
24
24
24
24
24
24
24
24
24
24
24
24
3F
24
24
24
24
24
3F
24
24
24
24
24
24
24
24
40
38
38
39
39
24
24
24
24
24
24
39
39
39
3A
3A
3A
42
3B
3B
3C
3C
3C
44
3D
3D
3E
3E
3E
30
30
30
31
31
31
32
32
24
24
24
24
24
24
32
32
47
33
33
33
34
34
34
35
4A
35
36
36
36
37
37
37
24
24
24
24
24
24
24
24
24
24
24
24
24
24
24
24
3F
24
24
24
24
24
24
24
3F
24
24
24
24
24
24
24
24
24
24
24
24
24
24
24
24
24
24
24
3B
3B
3A
3A
41
39
39
39
38
38
38
24
3F
24
24
24
24
24
24
24
24
24
24
24
24
24
24
24
24
24
24
24
34
34
33
33
33
32
32
32
31
31
46
30
30
30
3E
3E
3E
3D
3D
3D
3C
3C
3C
3B
3B
3B
24
24
24
24
24
24
24
24
24
24
24
24
24
24
24
24
3F
24
24
24
37
37
37
36
36
36
35
35
35
49
34
34
24
24
24
24
24
24
24
24
4C
4E
24
24
24
24
24
24
24
24
24
24
24
24
24
24
24
24
24
24
24
3F
24
24
24
24
24
24
24
24
24
24
4D
4F
24
24
24
24
24
24
3F
24
24
24
38
38
38
39
39
39
3A
3A
3A
42
3B
3B
3C
3C
3C
24
24
30
30
30
30
30
30
30
30
30
30
30
30
30
30
30
31
31
31
32
32
32
33
33
33
34
34
34
35
35
35
24
24
24
24
24
24
24
24
24
24
24
24
24
24
24
24
24
24
24
24
24
24
24
24
24
24
24
24
24
24
24
24
24
24
24
24
24
24
24
24
24
24
24
24
24
24
24
24
24
24
24
24
24
24
24
24
24
24
24
24
24
24
24
24
24
FF
FF
FF
FF
FF
FF
FF
FF
55
AA
22
00
00
0F
0F
0F
00
00
00
00
00
00
00
00
00
00
00
00
00
00
00
00
00
00
00
00
00
00
00
00
00
00
00
00
00
00
00
00
00
00
00
00
00
00
00
00
00
00
00
00
00
00
00
00
24
24
24
24
24
24
24
24
24
24
24
24
24
24
24
24
24
24
24
24
24
24
24
24
24
24
24
24
24
24
24
24
24
24
24
24
24
24
24
24
24
24
3F
24
3F
24
24
24
24
24
24
24
24
24
24
24
24
24
24
24
24
24
24
24
24
24
24
24
24
24
24
24
24
24
3F
24
3F
24
24
24
24
24
24
24
24
24
24
24
24
24
24
24
24
24
24
24
24
24
24
FF
00
00
00
00
00
00
3F
24
3F
D0
D1
D2
00
00
00
00
00
00
24
24
24
24
24
24
24
24
24
24
24
50
54
58
C2
C4
A3
A7
C9
24
3F
24
3F
24
24
24
24
24
24
24
25
16
2A
26
27
28
29
2A
15
2D
24
24
24
51
55
59
C3
C5
B9
BB
CA
CD
3F
24
3F
30
30
30
30
30
30
24
2B
00
2C
04
08
00
00
2C
01
2F
24
24
24
52
56
5A
24
C6
A5
6B
CB
CE
30
30
30
24
24
24
24
24
3F
24
24
24
24
24
24
24
24
24
24
24
24
24
24
53
57
5B
9E
C7
A6
C8
CC
CF
3F
24
3F
24
24
24
24
24
3F
24
24
24
24
24
24
24
24
24
24
24
24
24
24
24
30
30
30
30
30
30
30
30
30
30
30
30
30
30
3E
3E
45
3D
3D
3D
3C
3C
3C
3B
3B
3B
24
24
24
24
24
24
24
24
24
24
24
24
24
24
24
24
24
3F
24
24
37
37
37
36
36
36
35
35
35
49
34
34
24
24
24
24
24
24
24
24
24
24
24
24
24
24
24
24
24
24
24
24
24
24
24
24
24
24
24
24
24
3F
24
24
24
24
24
24
24
24
24
24
24
24
24
24
24
24
24
24
24
40
38
38
39
39
39
3A
3A
3A
3B
3B
3B
43
3C
3C
3D
3D
24
24
24
24
24
24
3D
3D
3D
3E
3E
3E
30
30
30
31
31
31
32
32
32
33
33
33
34
49
34
35
35
35
36
36
24
24
24
24
24
24
36
36
4B
37
37
37
24
3F
24
24
24
24
24
24
24
24
24
24
24
24
24
24
24
24
24
24
24
24
24
24
24
24
24
24
3F
24
24
24
24
3F
24
24
24
24
24
24
24
24
24
24
24
24
24
24
24
24
24
24
24
24
24
24
30
30
3E
3E
45
3D
3D
3D
3C
43
3C
3B
3B
3B
3A
3A
3A
39
39
39
38
40
38
24
24
24
24
24
24
24
24
24
24
24
37
37
37
36
36
36
4A
35
35
34
34
34
48
33
33
32
32
32
31
31
31
30
30
30
24
24
24
24
24
24
24
24
24
24
24
24
24
24
24
24
24
24
24
24
3F
24
24
24
24
24
24
24
24
3F
24
24
24
24
24
24
24
24
24
24
24
24
24
24
24
24
3F
24
24
24
24
24
3F
24
24
24
24
24
24
24
24
40
38
38
39
39
24
24
24
24
24
24
39
39
39
3A
3A
3A
42
3B
3B
3C
3C
3C
44
3D
3D
3E
3E
3E
30
30
30
31
31
31
32
32
24
24
24
24
24
24
32
32
47
33
33
33
34
34
34
35
4A
35
36
36
36
37
37
37
24
24
24
24
24
24
24
24
24
24
24
24
24
24
24
24
3F
24
24
24
24
24
24
24
3F
24
24
24
24
24
24
24
24
24
24
24
24
24
24
24
24
24
24
24
3B
3B
3A
3A
41
39
39
39
38
38
38
24
3F
24
24
24
24
24
24
24
24
24
24
24
24
24
24
24
24
24
24
24
34
34
33
33
33
32
32
32
31
31
46
30
30
30
3E
3E
3E
3D
3D
3D
3C
3C
3C
3B
3B
3B
24
24
24
24
24
24
24
24
24
24
24
24
24
24
24
24
3F
24
24
24
37
37
37
36
36
36
35
35
35
49
34
34
24
24
24
24
24
24
24
24
4C
4E
24
24
24
24
24
24
24
24
24
24
24
24
24
24
24
24
24
24
24
3F
24
24
24
24
24
24
24
24
24
24
4D
4F
24
24
24
24
24
24
3F
24
24
24
38
38
38
39
39
39
3A
3A
3A
42
3B
3B
3C
3C
3C
24
24
30
30
30
30
30
30
30
30
30
30
30
30
30
30
30
31
31
31
32
32
32
33
33
33
34
34
34
35
35
35
24
24
24
24
24
24
24
24
24
24
24
24
24
24
24
24
24
24
24
24
24
24
24
24
24
24
24
24
24
24
24
24
24
24
24
24
24
24
24
24
24
24
24
24
24
24
24
24
24
24
24
24
24
24
24
24
24
24
24
24
24
24
24
24
24
FF
FF
FF
FF
FF
FF
FF
FF
55
AA
22
00
00
0F
0F
0F
00
00
00
00
00
00
00
00
00
00
00
00
00
00
00
00
00
00
00
00
00
00
00
00
00
00
00
00
00
00
00
00
00
00
00
00
00
00
00
00
00
00
00
00
00
00
00
00
